tab <-
list(structure(c("Beetles Exctinction Risk & & 0.27 & 0.26 & 0.18 & 0.30 & 0.29 & \\textbf{0.33} & 0.03 & 0.30 \\\\", 
"& & (0.15,0.28) & (0.16,0.28) & (0.11,0.29) & (0.29,0.32) & (0.27,0.31) & (0.30,0.35) & (-0.13,0.12) & (0.28,0.33) \\\\"
), .Dim = 2:1), structure(c("Birth Weight Prediction & & 1.47 & 1.43 & 1.25 & \\textbf{1.50} & 1.50 & 1.37 & 0.39 & 1.32 \\\\", 
"& & (1.31,1.55) & (1.19,1.51) & (1.13,1.30) & (1.32,1.57) & (1.31,1.56) & (1.28,1.46) & (-0.17,0.69) & (1.21,1.37) \\\\"
), .Dim = 2:1), structure(c("Body Fat Mass & & \\textbf{1.17} & 1.08 & 0.76 & 0.12 & 0.12 & 0.24 & 0.08 & 1.03 \\\\", 
"& & (1.05,1.27) & (0.96,1.20) & (0.58,0.87) & (0.11,0.14) & (0.11,0.14) & (0.22,0.27) & (-0.61,0.49) & (0.95,1.09) \\\\"
), .Dim = 2:1), structure(c("CAO/ARO/AIO-04 DFS & & 0.00 & 0.01 & 0.00 & 0.02 & \\textbf{0.02} & 0.01 & -0.00 & -0.01 \\\\", 
"& & (-0.00,0.01) & (-0.00,0.01) & (-0.00,0.00) & (0.01,0.03) & (0.01,0.03) & (0.01,0.02) & (-0.01,0.00) & (-0.02,-0.00) \\\\"
), .Dim = 2:1), structure(c("Childhood Malnutrition & & 0.05 & 0.05 & \\textbf{0.15} & 0.13 & 0.12 & 0.14 & 0.12 & 0.15 \\\\", 
"& & (0.05,0.05) & (0.04,0.05) & (0.14,0.15) & (0.13,0.14) & (0.11,0.12) & (0.13,0.14) & (0.12,0.13) & (0.14,0.15) \\\\"
), .Dim = 2:1), structure(c("Head Circumference & & \\textbf{1.09} & 0.96 & 1.09 & 1.01 & 0.96 & 1.08 & 1.06 & 0.99 \\\\", 
"& & (1.08,1.11) & (0.94,0.97) & (1.07,1.10) & (1.00,1.02) & (0.95,0.97) & (1.07,1.10) & (1.04,1.08) & (0.92,1.02) \\\\"
), .Dim = 2:1), structure(c("PRO-ACT ALSFRS & & 0.52 & \\textbf{0.52} & 0.48 & 0.51 & 0.49 & 0.49 & 0.38 & 0.32 \\\\", 
"& & (0.50,0.55) & (0.49,0.55) & (0.46,0.50) & (0.47,0.54) & (0.46,0.52) & (0.46,0.53) & (0.33,0.43) & (0.30,0.33) \\\\"
), .Dim = 2:1), structure(c("PRO-ACT OS & & 0.04 & 0.04 & 0.04 & 0.05 & 0.05 & \\textbf{0.06} & 0.02 & 0.04 \\\\", 
"& & (0.03,0.05) & (0.03,0.05) & (0.02,0.05) & (0.04,0.06) & (0.04,0.06) & (0.05,0.06) & (-0.02,0.04) & (-0.01,0.05) \\\\"
), .Dim = 2:1))
