
tNOBS <- c(75, 150, 300)
NSIM <- 100
tPNON <- c(0, 5, 25)

tTD <- c("normal", "logistic")
tOR <- 1:2

MC_CORES <- 16

